Camera:
  LookFrom: [0, 0, 0]
  LookAt: [0, 0, 0]
  VFOV: 0
  FocalDistance: 2.27999997
  SamplesPerPixel: 1
  MaxBounces: 8
  Defocus: 20.2000008
  Diverge: 1
Objects:
  - Mesh:
      Material:
        Color: [0.864978909, 0.864978909, 0.864978909]
        EmissionColor: [1, 1, 1]
        EmissionStrength: 0
        SpecularColor: [1, 1, 1]
        SpecularFactor: 0
        Roughness: 1
      File: /Users/tyler/Documents/graphics/vulkan-pathtracer/assets/models/cloth.glb
      Transform: [-0.0599999987, 0.349999994, -3, 184.5, 0, 0, 1.10000002, 1.10000002, 1.10000002]
  - Mesh:
      Material:
        Color: [0.106179588, 0.368268371, 0.599156141]
        EmissionColor: [0.139560968, 0.282700419, 0.186670125]
        EmissionStrength: 0
        SpecularColor: [1, 1, 1]
        SpecularFactor: 0.0500000007
        Roughness: 0
      File: /Users/tyler/Documents/graphics/vulkan-pathtracer/assets/models/870k_dragon.glb
      Transform: [0, 0.0399999991, -3.45000005, 0, -53, 180, 1.29999995, 1.29999995, 1.29999995]
  - Sphere:
      Center: [12.9300003, -5.73000002, -5.01000023]
      Radius: 4.13000011
      Material:
        Color: [0, 0, 0]
        EmissionColor: [1, 1, 1]
        EmissionStrength: 10
        SpecularColor: [0, 0, 0]
        SpecularFactor: 0
        Roughness: 1