Camera:
  LookFrom: [0, 0.0299999993, -4.5]
  LookAt: [0, 0.0299999993, 0]
  VFOV: 40.9000015
  FocalDistance: 5.73999977
  SamplesPerPixel: 1
  MaxBounces: 8
  Defocus: 0
  Diverge: 1
  Exposure: 1
  EnvRotation: 0
Objects:
  - Mesh:
      Material:
        Color: [1, 1, 1]
        EmissionColor: [1, 1, 1]
        EmissionStrength: 0
        SpecularColor: [1, 1, 1]
        SpecularFactor: 0
        Roughness: 1
      File: ../models/quad.glb
      Transform: [0, 1.20000005, 0, -180, 0, 0, 1.20000005, 1.20000005, 1.20000005]
  - Mesh:
      Material:
        Color: [1, 0, 0]
        EmissionColor: [1, 1, 1]
        EmissionStrength: 0
        SpecularColor: [1, 1, 1]
        SpecularFactor: 0
        Roughness: 1
      File: ../models/quad.glb
      Transform: [-1.20000005, 0, 0, 0, 0, -90, 1.20000005, 1.20000005, 1.20000005]
  - Mesh:
      Material:
        Color: [1, 1, 1]
        EmissionColor: [1, 1, 1]
        EmissionStrength: 0
        SpecularColor: [1, 1, 1]
        SpecularFactor: 0
        Roughness: 1
      File: ../models/quad.glb
      Transform: [0, 0, 1.20000005, -90, 0, 0, 1.20000005, 1.20000005, 1.20000005]
  - Mesh:
      Material:
        Color: [1, 1, 1]
        EmissionColor: [1, 1, 1]
        EmissionStrength: 0
        SpecularColor: [1, 1, 1]
        SpecularFactor: 0
        Roughness: 1
      File: ../models/quad.glb
      Transform: [0, -1.20000005, 0, 0, 0, 0, 1.20000005, 1.20000005, 1.20000005]
  - Mesh:
      Material:
        Color: [0, 1, 0]
        EmissionColor: [1, 1, 1]
        EmissionStrength: 0
        SpecularColor: [1, 1, 1]
        SpecularFactor: 0
        Roughness: 1
      File: ../models/quad.glb
      Transform: [1.20000005, 0, 0, 0, 0, 90, 1.20000005, 1.20000005, 1.20000005]
  - Mesh:
      Material:
        Color: [1, 1, 1]
        EmissionColor: [1, 1, 1]
        EmissionStrength: 1.58000004
        SpecularColor: [1, 1, 1]
        SpecularFactor: 0
        Roughness: 1
      File: ../models/quad.glb
      Transform: [0, 1.19000006, 0, 0, 0, 0, 0.5, 0.5, 0.5]
  - Mesh:
      Material:
        Color: [0.518987298, 0.518987298, 0.518987298]
        EmissionColor: [1, 1, 1]
        EmissionStrength: 0
        SpecularColor: [1, 1, 1]
        SpecularFactor: 0.100000001
        Roughness: 0.0199999996
      File: ../models/870k_dragon.glb
      Transform: [0.0799999982, -0.579999983, 0.0799999982, 0, -51.5, 0, 2.4000001, 2.4000001, 2.4000001]