Objects:
  - Mesh:
      Material:
        Color: [1, 0, 0]
        EmissionColor: [0.839662433, 0.162972435, 0.162972435]
        EmissionStrength: 0.629999995
      File: /Users/tyler/Documents/graphics/vulkan-pathtracer/assets/scenes/../models/suzanne.glb
      Transform: [0, 0.370000005, 0.0900000036, 153.300003, 26.5, 14.6999998, 1, 1, 1]
  - Sphere:
      Center: [0, 41.2900009, 0]
      Radius: 40.3899994
      Material:
        Color: [1, 1, 1]
        EmissionColor: [1, 1, 1]
        EmissionStrength: 0