Camera:
  LookFrom: [5.36414337, 5.70235968, -2.81878734]
  LookAt: [0.195917919, 4.93667841, -0.567618191]
  VFOV: 60
  FocalDistance: 4
  SamplesPerPixel: 1
  MaxBounces: 16
  Defocus: 0
  Diverge: 1
  Exposure: 1
  EnvRotation: 230
EnvTexture: ../hdri/snowy_hillside_4k.hdr
Objects:
  - Mesh:
      Material:
        Color: [0.124072, 0.215845749, 0.426160336]
        EmissionColor: [1, 1, 1]
        EmissionStrength: 0
        SpecularColor: [1, 1, 1]
        SpecularFactor: 0.150000006
        Roughness: 0
      File: ../models/450k_lucy.glb
      Transform: [-0.74000001, -1.95000005, -0.699999988, 90, -201.5, 0, 0.00999999978, 0.00999999978, 0.00999999978]
  - Sphere:
      Center: [-1.95000005, 14.2299995, 0]
      Radius: 0
      Material:
        Color: [1, 1, 1]
        EmissionColor: [1, 1, 1]
        EmissionStrength: 0
        SpecularColor: [1, 1, 1]
        SpecularFactor: 0.99000001
        Roughness: 0