Camera:
  LookFrom: [-1.54429197, 1.53567278, -4.45915174]
  LookAt: [0.0599731505, -0.690023005, -0.322982252]
  VFOV: 60
  FocalDistance: 2.88000011
  SamplesPerPixel: 1
  MaxBounces: 8
  Defocus: 30
  Diverge: 1
  Exposure: 1
  EnvRotation: 121
EnvTexture: ../hdri/spruit_sunrise_4k.hdr
Objects:
  - Mesh:
      Material:
        Color: [1, 1, 1]
        EmissionColor: [1, 1, 1]
        EmissionStrength: 0
        SpecularColor: [1, 1, 1]
        SpecularFactor: 0
        Roughness: 1
      File: ../models/cloth.glb
      Transform: [0, -1.10000002, 0, 0, 180, 0, 3, 3, 3]
  - Mesh:
      Material:
        Color: [0.632911384, 0.248053417, 0.0801153928]
        EmissionColor: [1, 1, 1]
        EmissionStrength: 0
        SpecularColor: [1, 1, 1]
        SpecularFactor: 0.150000006
        Roughness: 0
      File: ../models/870k_dragon.glb
      Transform: [0.25999999, -0.140000001, -1.39999998, 0, -51, 0, 3.5, 3.5, 3.5]